{
 "cells": [
  {
   "cell_type": "code",
   "execution_count": 91,
   "metadata": {},
   "outputs": [
    {
     "data": {
      "text/html": [
       "<script>requirejs.config({paths: { 'plotly': ['https://cdn.plot.ly/plotly-latest.min']},});if(!window.Plotly) {{require(['plotly'],function(plotly) {window.Plotly=plotly;});}}</script>"
      ],
      "text/vnd.plotly.v1+html": [
       "<script>requirejs.config({paths: { 'plotly': ['https://cdn.plot.ly/plotly-latest.min']},});if(!window.Plotly) {{require(['plotly'],function(plotly) {window.Plotly=plotly;});}}</script>"
      ]
     },
     "metadata": {},
     "output_type": "display_data"
    }
   ],
   "source": [
    "import os\n",
    "import numpy as np\n",
    "import pandas as pd\n",
    "import pickle\n",
    "import quandl\n",
    "from datetime import datetime\n",
    "import matplotlib.pyplot as plt\n",
    "import plotly.offline as py\n",
    "import plotly.graph_objs as go\n",
    "import plotly.figure_factory as ff\n",
    "py.init_notebook_mode(connected=True)\n",
    "import cufflinks as cf\n",
    "# print(cf.__version__)"
   ]
  },
  {
   "cell_type": "code",
   "execution_count": 92,
   "metadata": {
    "scrolled": true
   },
   "outputs": [
    {
     "data": {
      "text/html": [
       "<div>\n",
       "<style scoped>\n",
       "    .dataframe tbody tr th:only-of-type {\n",
       "        vertical-align: middle;\n",
       "    }\n",
       "\n",
       "    .dataframe tbody tr th {\n",
       "        vertical-align: top;\n",
       "    }\n",
       "\n",
       "    .dataframe thead th {\n",
       "        text-align: right;\n",
       "    }\n",
       "</style>\n",
       "<table border=\"1\" class=\"dataframe\">\n",
       "  <thead>\n",
       "    <tr style=\"text-align: right;\">\n",
       "      <th></th>\n",
       "      <th>Unnamed: 0</th>\n",
       "      <th>title</th>\n",
       "      <th>author</th>\n",
       "      <th>views</th>\n",
       "      <th>shares</th>\n",
       "      <th>body</th>\n",
       "      <th>comments</th>\n",
       "      <th>alltags</th>\n",
       "      <th>sent_scaled</th>\n",
       "      <th>p</th>\n",
       "      <th>n</th>\n",
       "      <th>date</th>\n",
       "      <th>popularity</th>\n",
       "    </tr>\n",
       "  </thead>\n",
       "  <tbody>\n",
       "    <tr>\n",
       "      <th>0</th>\n",
       "      <td>391</td>\n",
       "      <td>'Bitcoin is a currency': Federal judge says vi...</td>\n",
       "      <td>Cecilia Grigolia</td>\n",
       "      <td>94</td>\n",
       "      <td>0</td>\n",
       "      <td>As it is known, Bitcoin is a digital currency,...</td>\n",
       "      <td>0</td>\n",
       "      <td>#Bitcoin News    #Bitcoin Regulation    #USA</td>\n",
       "      <td>-0.329151</td>\n",
       "      <td>2</td>\n",
       "      <td>10</td>\n",
       "      <td>2013-08-08</td>\n",
       "      <td>94</td>\n",
       "    </tr>\n",
       "    <tr>\n",
       "      <th>1</th>\n",
       "      <td>390</td>\n",
       "      <td>NY regulator may break down on Bitcoin</td>\n",
       "      <td>Cecilia Grigolia</td>\n",
       "      <td>106</td>\n",
       "      <td>0</td>\n",
       "      <td>New York financial regulators are concerned ab...</td>\n",
       "      <td>0</td>\n",
       "      <td>#Bitcoin Regulation    #New York    #USA    ...</td>\n",
       "      <td>-0.216216</td>\n",
       "      <td>6</td>\n",
       "      <td>13</td>\n",
       "      <td>2013-08-12</td>\n",
       "      <td>106</td>\n",
       "    </tr>\n",
       "    <tr>\n",
       "      <th>2</th>\n",
       "      <td>798</td>\n",
       "      <td>Senate pressing regulators on Bitcoin risks an...</td>\n",
       "      <td>Eric Barrier</td>\n",
       "      <td>45</td>\n",
       "      <td>0</td>\n",
       "      <td>A Senate homeland security committee seeks exp...</td>\n",
       "      <td>0</td>\n",
       "      <td>#Bitcoin News    #Bitcoin Regulation    #USA</td>\n",
       "      <td>-0.104247</td>\n",
       "      <td>6</td>\n",
       "      <td>9</td>\n",
       "      <td>2013-08-13</td>\n",
       "      <td>45</td>\n",
       "    </tr>\n",
       "  </tbody>\n",
       "</table>\n",
       "</div>"
      ],
      "text/plain": [
       "   Unnamed: 0                                              title  \\\n",
       "0         391  'Bitcoin is a currency': Federal judge says vi...   \n",
       "1         390             NY regulator may break down on Bitcoin   \n",
       "2         798  Senate pressing regulators on Bitcoin risks an...   \n",
       "\n",
       "             author  views  shares  \\\n",
       "0  Cecilia Grigolia     94       0   \n",
       "1  Cecilia Grigolia    106       0   \n",
       "2      Eric Barrier     45       0   \n",
       "\n",
       "                                                body  comments  \\\n",
       "0  As it is known, Bitcoin is a digital currency,...         0   \n",
       "1  New York financial regulators are concerned ab...         0   \n",
       "2  A Senate homeland security committee seeks exp...         0   \n",
       "\n",
       "                                             alltags  sent_scaled  p   n  \\\n",
       "0     #Bitcoin News    #Bitcoin Regulation    #USA      -0.329151  2  10   \n",
       "1    #Bitcoin Regulation    #New York    #USA    ...    -0.216216  6  13   \n",
       "2     #Bitcoin News    #Bitcoin Regulation    #USA      -0.104247  6   9   \n",
       "\n",
       "         date  popularity  \n",
       "0  2013-08-08          94  \n",
       "1  2013-08-12         106  \n",
       "2  2013-08-13          45  "
      ]
     },
     "execution_count": 92,
     "metadata": {},
     "output_type": "execute_result"
    }
   ],
   "source": [
    "reg = pd.read_csv('dfsent02.csv',encoding=\"ISO-8859-1\")\n",
    "reg.head(3)"
   ]
  },
  {
   "cell_type": "code",
   "execution_count": 93,
   "metadata": {},
   "outputs": [
    {
     "data": {
      "text/html": [
       "<div>\n",
       "<style scoped>\n",
       "    .dataframe tbody tr th:only-of-type {\n",
       "        vertical-align: middle;\n",
       "    }\n",
       "\n",
       "    .dataframe tbody tr th {\n",
       "        vertical-align: top;\n",
       "    }\n",
       "\n",
       "    .dataframe thead th {\n",
       "        text-align: right;\n",
       "    }\n",
       "</style>\n",
       "<table border=\"1\" class=\"dataframe\">\n",
       "  <thead>\n",
       "    <tr style=\"text-align: right;\">\n",
       "      <th></th>\n",
       "      <th>date</th>\n",
       "      <th>ETH</th>\n",
       "      <th>LTC</th>\n",
       "      <th>XRP</th>\n",
       "      <th>ETC</th>\n",
       "      <th>DASH</th>\n",
       "      <th>XMR</th>\n",
       "      <th>BCH</th>\n",
       "      <th>BTC</th>\n",
       "    </tr>\n",
       "  </thead>\n",
       "  <tbody>\n",
       "    <tr>\n",
       "      <th>0</th>\n",
       "      <td>2015-01-01</td>\n",
       "      <td>NaN</td>\n",
       "      <td>2.711091</td>\n",
       "      <td>0.024008</td>\n",
       "      <td>NaN</td>\n",
       "      <td>1.978678</td>\n",
       "      <td>0.449231</td>\n",
       "      <td>NaN</td>\n",
       "      <td>316.768392</td>\n",
       "    </tr>\n",
       "    <tr>\n",
       "      <th>1</th>\n",
       "      <td>2015-01-02</td>\n",
       "      <td>NaN</td>\n",
       "      <td>2.685418</td>\n",
       "      <td>0.024511</td>\n",
       "      <td>NaN</td>\n",
       "      <td>1.974292</td>\n",
       "      <td>0.455994</td>\n",
       "      <td>NaN</td>\n",
       "      <td>315.785146</td>\n",
       "    </tr>\n",
       "    <tr>\n",
       "      <th>2</th>\n",
       "      <td>2015-01-03</td>\n",
       "      <td>NaN</td>\n",
       "      <td>2.389670</td>\n",
       "      <td>0.022297</td>\n",
       "      <td>NaN</td>\n",
       "      <td>1.818238</td>\n",
       "      <td>0.473959</td>\n",
       "      <td>NaN</td>\n",
       "      <td>301.512433</td>\n",
       "    </tr>\n",
       "  </tbody>\n",
       "</table>\n",
       "</div>"
      ],
      "text/plain": [
       "         date  ETH       LTC       XRP  ETC      DASH       XMR  BCH  \\\n",
       "0  2015-01-01  NaN  2.711091  0.024008  NaN  1.978678  0.449231  NaN   \n",
       "1  2015-01-02  NaN  2.685418  0.024511  NaN  1.974292  0.455994  NaN   \n",
       "2  2015-01-03  NaN  2.389670  0.022297  NaN  1.818238  0.473959  NaN   \n",
       "\n",
       "          BTC  \n",
       "0  316.768392  \n",
       "1  315.785146  \n",
       "2  301.512433  "
      ]
     },
     "execution_count": 93,
     "metadata": {},
     "output_type": "execute_result"
    }
   ],
   "source": [
    "prices = pd.read_csv('C:/Users/bridge/deda/regrisk/NLPnML/combined_df.csv')\n",
    "prices.head(3)"
   ]
  },
  {
   "cell_type": "code",
   "execution_count": 94,
   "metadata": {},
   "outputs": [],
   "source": [
    "y15 = '2015-01-01'\n",
    "y16 = '2016-01-01'\n",
    "y17 = '2017-01-01'\n",
    "y18 = '2018-01-01'\n",
    "end = '2018-05-31'"
   ]
  },
  {
   "cell_type": "code",
   "execution_count": 95,
   "metadata": {},
   "outputs": [],
   "source": [
    "def country_filter(country):\n",
    "    number_find = []\n",
    "    tag = str(country)\n",
    "    for i in range(0,len(reg['alltags'])):\n",
    "        if tag in str(reg['alltags'][i]):\n",
    "            number_find.append(i)\n",
    "    return number_find\n",
    "\n",
    "# country_filter('#Japan')\n",
    "def country_corr(country,i,fromdate,todate):\n",
    "    reg_japan=reg.loc[reg.index.isin(country_filter(country))]\n",
    "    reg_japan=reg_japan[['title','sent_scaled','date','popularity']]\n",
    "\n",
    "    reg_japan.index = reg_japan['date']\n",
    "    del(reg_japan['date'])\n",
    "    prices.index = prices['date']\n",
    "    pricesx = prices.fillna(0)\n",
    "    pricesx=pricesx.drop(pricesx.columns[[0]], axis=1)\n",
    "\n",
    "    prices1 = -pricesx.diff(periods=-1)\n",
    "    prices7 = -pricesx.diff(periods=-i)\n",
    "    prices30 = -pricesx.diff(periods=-30)\n",
    "\n",
    "    cor_japan7 = reg_japan.merge(prices7, how='outer', left_index=True, right_index=True)\n",
    "    cor_japan7 = cor_japan7[np.isfinite(cor_japan7['popularity'])]\n",
    "    # cor_japan7.index = cor_japan7['date']\n",
    "    # del(cor_japan7['date'])\n",
    "    cor_japan7 = cor_japan7.drop(cor_japan7.columns[[0]], axis=1)\n",
    "    cor_japan7_year = cor_japan7.loc[fromdate:todate]\n",
    "    corr_country = cor_japan7_year\n",
    "    return corr_country.pct_change().corr(method='pearson')"
   ]
  },
  {
   "cell_type": "code",
   "execution_count": 96,
   "metadata": {},
   "outputs": [],
   "source": [
    "def correlation_heatmap(df, title, absolute_bounds=True):\n",
    "    '''Plot a correlation heatmap for the entire dataframe'''\n",
    "    heatmap = go.Heatmap(\n",
    "        z=df.corr(method='pearson').as_matrix(),\n",
    "        x=df.columns,\n",
    "        y=df.columns,\n",
    "        colorbar=dict(title='Pearson Coefficient'),\n",
    "    )\n",
    "    \n",
    "    layout = go.Layout(title=title)\n",
    "    \n",
    "    if absolute_bounds:\n",
    "        heatmap['zmax'] = 1.0\n",
    "        heatmap['zmin'] = -1.0\n",
    "        \n",
    "    fig = go.Figure(data=[heatmap], layout=layout)\n",
    "    py.iplot(fig)"
   ]
  },
  {
   "cell_type": "code",
   "execution_count": 106,
   "metadata": {},
   "outputs": [],
   "source": [
    "def country_hm(country,i,fromdate,todate):\n",
    "    reg_japan=reg.loc[reg.index.isin(country_filter(country))]\n",
    "    reg_japan=reg_japan[['title','sent_scaled','date','popularity']]\n",
    "\n",
    "    reg_japan.index = reg_japan['date']\n",
    "    del(reg_japan['date'])\n",
    "    prices.index = prices['date']\n",
    "    pricesx = prices.fillna(0)\n",
    "    pricesx=pricesx.drop(pricesx.columns[[0]], axis=1)\n",
    "\n",
    "    prices1 = -pricesx.diff(periods=-1)\n",
    "    prices7 = -pricesx.diff(periods=-i)\n",
    "    prices30 = -pricesx.diff(periods=-30)\n",
    "\n",
    "    cor_japan7 = reg_japan.merge(prices7, how='outer', left_index=True, right_index=True)\n",
    "    cor_japan7 = cor_japan7[np.isfinite(cor_japan7['popularity'])]\n",
    "    # cor_japan7.index = cor_japan7['date']\n",
    "    # del(cor_japan7['date'])\n",
    "    cor_japan7 = cor_japan7.drop(cor_japan7.columns[[0]], axis=1)\n",
    "    cor_japan7_year = cor_japan7.loc[fromdate:todate]\n",
    "    corr_country = cor_japan7_year\n",
    "#     zz = country_corr.round(2)\n",
    "#     z = zz.values\n",
    "#     fig = ff.create_annotated_heatmap(z)\n",
    "#     py.iplot(fig, filename='annotated_heatmap')\n",
    "    return correlation_heatmap(corr_country, \"Cryptocurrency Correlations in 2016\")"
   ]
  },
  {
   "cell_type": "code",
   "execution_count": 98,
   "metadata": {},
   "outputs": [
    {
     "data": {
      "text/html": [
       "<div>\n",
       "<style scoped>\n",
       "    .dataframe tbody tr th:only-of-type {\n",
       "        vertical-align: middle;\n",
       "    }\n",
       "\n",
       "    .dataframe tbody tr th {\n",
       "        vertical-align: top;\n",
       "    }\n",
       "\n",
       "    .dataframe thead th {\n",
       "        text-align: right;\n",
       "    }\n",
       "</style>\n",
       "<table border=\"1\" class=\"dataframe\">\n",
       "  <thead>\n",
       "    <tr style=\"text-align: right;\">\n",
       "      <th></th>\n",
       "      <th>sent_scaled</th>\n",
       "      <th>popularity</th>\n",
       "      <th>ETH</th>\n",
       "      <th>LTC</th>\n",
       "      <th>XRP</th>\n",
       "      <th>ETC</th>\n",
       "      <th>DASH</th>\n",
       "      <th>XMR</th>\n",
       "      <th>BCH</th>\n",
       "      <th>BTC</th>\n",
       "    </tr>\n",
       "  </thead>\n",
       "  <tbody>\n",
       "    <tr>\n",
       "      <th>sent_scaled</th>\n",
       "      <td>1.000000</td>\n",
       "      <td>0.296624</td>\n",
       "      <td>0.035321</td>\n",
       "      <td>-0.092083</td>\n",
       "      <td>-0.372398</td>\n",
       "      <td>0.095711</td>\n",
       "      <td>-0.389267</td>\n",
       "      <td>-0.395963</td>\n",
       "      <td>NaN</td>\n",
       "      <td>-0.212007</td>\n",
       "    </tr>\n",
       "    <tr>\n",
       "      <th>popularity</th>\n",
       "      <td>0.296624</td>\n",
       "      <td>1.000000</td>\n",
       "      <td>0.289081</td>\n",
       "      <td>-0.474225</td>\n",
       "      <td>-0.642687</td>\n",
       "      <td>0.529249</td>\n",
       "      <td>0.461367</td>\n",
       "      <td>0.177869</td>\n",
       "      <td>NaN</td>\n",
       "      <td>-0.413203</td>\n",
       "    </tr>\n",
       "    <tr>\n",
       "      <th>ETH</th>\n",
       "      <td>0.035321</td>\n",
       "      <td>0.289081</td>\n",
       "      <td>1.000000</td>\n",
       "      <td>-0.263720</td>\n",
       "      <td>-0.066034</td>\n",
       "      <td>0.984932</td>\n",
       "      <td>0.196393</td>\n",
       "      <td>0.184253</td>\n",
       "      <td>NaN</td>\n",
       "      <td>-0.168508</td>\n",
       "    </tr>\n",
       "    <tr>\n",
       "      <th>LTC</th>\n",
       "      <td>-0.092083</td>\n",
       "      <td>-0.474225</td>\n",
       "      <td>-0.263720</td>\n",
       "      <td>1.000000</td>\n",
       "      <td>0.533581</td>\n",
       "      <td>0.278106</td>\n",
       "      <td>-0.741605</td>\n",
       "      <td>-0.409556</td>\n",
       "      <td>NaN</td>\n",
       "      <td>0.972330</td>\n",
       "    </tr>\n",
       "    <tr>\n",
       "      <th>XRP</th>\n",
       "      <td>-0.372398</td>\n",
       "      <td>-0.642687</td>\n",
       "      <td>-0.066034</td>\n",
       "      <td>0.533581</td>\n",
       "      <td>1.000000</td>\n",
       "      <td>-0.403830</td>\n",
       "      <td>-0.411031</td>\n",
       "      <td>-0.069849</td>\n",
       "      <td>NaN</td>\n",
       "      <td>0.506866</td>\n",
       "    </tr>\n",
       "    <tr>\n",
       "      <th>ETC</th>\n",
       "      <td>0.095711</td>\n",
       "      <td>0.529249</td>\n",
       "      <td>0.984932</td>\n",
       "      <td>0.278106</td>\n",
       "      <td>-0.403830</td>\n",
       "      <td>1.000000</td>\n",
       "      <td>-0.097238</td>\n",
       "      <td>-0.603158</td>\n",
       "      <td>NaN</td>\n",
       "      <td>0.257497</td>\n",
       "    </tr>\n",
       "    <tr>\n",
       "      <th>DASH</th>\n",
       "      <td>-0.389267</td>\n",
       "      <td>0.461367</td>\n",
       "      <td>0.196393</td>\n",
       "      <td>-0.741605</td>\n",
       "      <td>-0.411031</td>\n",
       "      <td>-0.097238</td>\n",
       "      <td>1.000000</td>\n",
       "      <td>0.707100</td>\n",
       "      <td>NaN</td>\n",
       "      <td>-0.620604</td>\n",
       "    </tr>\n",
       "    <tr>\n",
       "      <th>XMR</th>\n",
       "      <td>-0.395963</td>\n",
       "      <td>0.177869</td>\n",
       "      <td>0.184253</td>\n",
       "      <td>-0.409556</td>\n",
       "      <td>-0.069849</td>\n",
       "      <td>-0.603158</td>\n",
       "      <td>0.707100</td>\n",
       "      <td>1.000000</td>\n",
       "      <td>NaN</td>\n",
       "      <td>-0.372398</td>\n",
       "    </tr>\n",
       "    <tr>\n",
       "      <th>BCH</th>\n",
       "      <td>NaN</td>\n",
       "      <td>NaN</td>\n",
       "      <td>NaN</td>\n",
       "      <td>NaN</td>\n",
       "      <td>NaN</td>\n",
       "      <td>NaN</td>\n",
       "      <td>NaN</td>\n",
       "      <td>NaN</td>\n",
       "      <td>NaN</td>\n",
       "      <td>NaN</td>\n",
       "    </tr>\n",
       "    <tr>\n",
       "      <th>BTC</th>\n",
       "      <td>-0.212007</td>\n",
       "      <td>-0.413203</td>\n",
       "      <td>-0.168508</td>\n",
       "      <td>0.972330</td>\n",
       "      <td>0.506866</td>\n",
       "      <td>0.257497</td>\n",
       "      <td>-0.620604</td>\n",
       "      <td>-0.372398</td>\n",
       "      <td>NaN</td>\n",
       "      <td>1.000000</td>\n",
       "    </tr>\n",
       "  </tbody>\n",
       "</table>\n",
       "</div>"
      ],
      "text/plain": [
       "             sent_scaled  popularity       ETH       LTC       XRP       ETC  \\\n",
       "sent_scaled     1.000000    0.296624  0.035321 -0.092083 -0.372398  0.095711   \n",
       "popularity      0.296624    1.000000  0.289081 -0.474225 -0.642687  0.529249   \n",
       "ETH             0.035321    0.289081  1.000000 -0.263720 -0.066034  0.984932   \n",
       "LTC            -0.092083   -0.474225 -0.263720  1.000000  0.533581  0.278106   \n",
       "XRP            -0.372398   -0.642687 -0.066034  0.533581  1.000000 -0.403830   \n",
       "ETC             0.095711    0.529249  0.984932  0.278106 -0.403830  1.000000   \n",
       "DASH           -0.389267    0.461367  0.196393 -0.741605 -0.411031 -0.097238   \n",
       "XMR            -0.395963    0.177869  0.184253 -0.409556 -0.069849 -0.603158   \n",
       "BCH                  NaN         NaN       NaN       NaN       NaN       NaN   \n",
       "BTC            -0.212007   -0.413203 -0.168508  0.972330  0.506866  0.257497   \n",
       "\n",
       "                 DASH       XMR  BCH       BTC  \n",
       "sent_scaled -0.389267 -0.395963  NaN -0.212007  \n",
       "popularity   0.461367  0.177869  NaN -0.413203  \n",
       "ETH          0.196393  0.184253  NaN -0.168508  \n",
       "LTC         -0.741605 -0.409556  NaN  0.972330  \n",
       "XRP         -0.411031 -0.069849  NaN  0.506866  \n",
       "ETC         -0.097238 -0.603158  NaN  0.257497  \n",
       "DASH         1.000000  0.707100  NaN -0.620604  \n",
       "XMR          0.707100  1.000000  NaN -0.372398  \n",
       "BCH               NaN       NaN  NaN       NaN  \n",
       "BTC         -0.620604 -0.372398  NaN  1.000000  "
      ]
     },
     "execution_count": 98,
     "metadata": {},
     "output_type": "execute_result"
    }
   ],
   "source": [
    "country_corr('USA',1,y16,y17)"
   ]
  },
  {
   "cell_type": "code",
   "execution_count": 121,
   "metadata": {
    "scrolled": false
   },
   "outputs": [
    {
     "name": "stderr",
     "output_type": "stream",
     "text": [
      "C:\\Users\\bridge\\Anaconda3\\lib\\site-packages\\ipykernel_launcher.py:4: FutureWarning:\n",
      "\n",
      "Method .as_matrix will be removed in a future version. Use .values instead.\n",
      "\n"
     ]
    },
    {
     "data": {
      "application/vnd.plotly.v1+json": {
       "data": [
        {
         "colorbar": {
          "title": "Pearson Coefficient"
         },
         "type": "heatmap",
         "x": [
          "sent_scaled",
          "popularity",
          "ETH",
          "LTC",
          "XRP",
          "ETC",
          "DASH",
          "XMR",
          "BCH",
          "BTC"
         ],
         "y": [
          "sent_scaled",
          "popularity",
          "ETH",
          "LTC",
          "XRP",
          "ETC",
          "DASH",
          "XMR",
          "BCH",
          "BTC"
         ],
         "z": [
          [
           1,
           -0.0672115412577932,
           -0.13147311238527326,
           0.15429868929264684,
           -0.027467895768253217,
           -0.18882024415566806,
           0.04483242586781104,
           0.13859120622938853,
           0.08566916833040998,
           0.4411739190395365
          ],
          [
           -0.0672115412577932,
           1,
           0.2102495433235459,
           0.19598453711815592,
           0.4062854216637932,
           0.2522328371466792,
           0.3337998527089592,
           0.15007323054112123,
           -0.37568237602618165,
           -0.31774377426193773
          ],
          [
           -0.13147311238527326,
           0.2102495433235459,
           1,
           0.6711604608892212,
           -0.03438241334382042,
           0.8397559985421706,
           0.853237084065039,
           0.5512001014561553,
           0.40252748483609635,
           -0.20606131268125757
          ],
          [
           0.15429868929264684,
           0.19598453711815592,
           0.6711604608892212,
           1,
           -0.301749418765974,
           0.7012001894095997,
           0.5187971388813507,
           0.3041956196521927,
           0.532398028864683,
           0.2850971555517807
          ],
          [
           -0.027467895768253217,
           0.4062854216637932,
           -0.03438241334382042,
           -0.301749418765974,
           1,
           -0.11883316729240868,
           0.32720594892974736,
           0.28457557930626487,
           -0.738483580885643,
           -0.22334282699569644
          ],
          [
           -0.18882024415566806,
           0.2522328371466792,
           0.8397559985421706,
           0.7012001894095997,
           -0.11883316729240868,
           1,
           0.6488821708452278,
           0.41896377246866506,
           0.3254151038687062,
           -0.3268896070250079
          ],
          [
           0.04483242586781104,
           0.3337998527089592,
           0.853237084065039,
           0.5187971388813507,
           0.32720594892974736,
           0.6488821708452278,
           1,
           0.6751624321452393,
           0.18737398381086545,
           -0.14971780241390378
          ],
          [
           0.13859120622938853,
           0.15007323054112123,
           0.5512001014561553,
           0.3041956196521927,
           0.28457557930626487,
           0.41896377246866506,
           0.6751624321452393,
           1,
           -0.022364288357757542,
           -0.013725211282996315
          ],
          [
           0.08566916833040998,
           -0.37568237602618165,
           0.40252748483609635,
           0.532398028864683,
           -0.738483580885643,
           0.3254151038687062,
           0.18737398381086545,
           -0.022364288357757542,
           1,
           0.37697912185622884
          ],
          [
           0.4411739190395365,
           -0.31774377426193773,
           -0.20606131268125757,
           0.2850971555517807,
           -0.22334282699569644,
           -0.3268896070250079,
           -0.14971780241390378,
           -0.013725211282996315,
           0.37697912185622884,
           1
          ]
         ],
         "zmax": 1,
         "zmin": -1
        }
       ],
       "layout": {
        "title": "Cryptocurrency Correlations in 2016"
       }
      },
      "text/html": [
       "<div id=\"877efecf-d5d6-4656-8af8-2e0c97d14feb\" style=\"height: 525px; width: 100%;\" class=\"plotly-graph-div\"></div><script type=\"text/javascript\">require([\"plotly\"], function(Plotly) { window.PLOTLYENV=window.PLOTLYENV || {};window.PLOTLYENV.BASE_URL=\"https://plot.ly\";Plotly.newPlot(\"877efecf-d5d6-4656-8af8-2e0c97d14feb\", [{\"type\": \"heatmap\", \"z\": [[1.0, -0.0672115412577932, -0.13147311238527326, 0.15429868929264684, -0.027467895768253217, -0.18882024415566806, 0.04483242586781104, 0.13859120622938853, 0.08566916833040998, 0.4411739190395365], [-0.0672115412577932, 1.0, 0.2102495433235459, 0.19598453711815592, 0.4062854216637932, 0.2522328371466792, 0.3337998527089592, 0.15007323054112123, -0.37568237602618165, -0.31774377426193773], [-0.13147311238527326, 0.2102495433235459, 1.0, 0.6711604608892212, -0.03438241334382042, 0.8397559985421706, 0.853237084065039, 0.5512001014561553, 0.40252748483609635, -0.20606131268125757], [0.15429868929264684, 0.19598453711815592, 0.6711604608892212, 1.0, -0.301749418765974, 0.7012001894095997, 0.5187971388813507, 0.3041956196521927, 0.532398028864683, 0.2850971555517807], [-0.027467895768253217, 0.4062854216637932, -0.03438241334382042, -0.301749418765974, 1.0, -0.11883316729240868, 0.32720594892974736, 0.28457557930626487, -0.738483580885643, -0.22334282699569644], [-0.18882024415566806, 0.2522328371466792, 0.8397559985421706, 0.7012001894095997, -0.11883316729240868, 1.0, 0.6488821708452278, 0.41896377246866506, 0.3254151038687062, -0.3268896070250079], [0.04483242586781104, 0.3337998527089592, 0.853237084065039, 0.5187971388813507, 0.32720594892974736, 0.6488821708452278, 1.0, 0.6751624321452393, 0.18737398381086545, -0.14971780241390378], [0.13859120622938853, 0.15007323054112123, 0.5512001014561553, 0.3041956196521927, 0.28457557930626487, 0.41896377246866506, 0.6751624321452393, 1.0, -0.022364288357757542, -0.013725211282996315], [0.08566916833040998, -0.37568237602618165, 0.40252748483609635, 0.532398028864683, -0.738483580885643, 0.3254151038687062, 0.18737398381086545, -0.022364288357757542, 1.0, 0.37697912185622884], [0.4411739190395365, -0.31774377426193773, -0.20606131268125757, 0.2850971555517807, -0.22334282699569644, -0.3268896070250079, -0.14971780241390378, -0.013725211282996315, 0.37697912185622884, 1.0]], \"x\": [\"sent_scaled\", \"popularity\", \"ETH\", \"LTC\", \"XRP\", \"ETC\", \"DASH\", \"XMR\", \"BCH\", \"BTC\"], \"y\": [\"sent_scaled\", \"popularity\", \"ETH\", \"LTC\", \"XRP\", \"ETC\", \"DASH\", \"XMR\", \"BCH\", \"BTC\"], \"colorbar\": {\"title\": \"Pearson Coefficient\"}, \"zmax\": 1.0, \"zmin\": -1.0}], {\"title\": \"Cryptocurrency Correlations in 2016\"}, {\"showLink\": true, \"linkText\": \"Export to plot.ly\"})});</script>"
      ],
      "text/vnd.plotly.v1+html": [
       "<div id=\"877efecf-d5d6-4656-8af8-2e0c97d14feb\" style=\"height: 525px; width: 100%;\" class=\"plotly-graph-div\"></div><script type=\"text/javascript\">require([\"plotly\"], function(Plotly) { window.PLOTLYENV=window.PLOTLYENV || {};window.PLOTLYENV.BASE_URL=\"https://plot.ly\";Plotly.newPlot(\"877efecf-d5d6-4656-8af8-2e0c97d14feb\", [{\"type\": \"heatmap\", \"z\": [[1.0, -0.0672115412577932, -0.13147311238527326, 0.15429868929264684, -0.027467895768253217, -0.18882024415566806, 0.04483242586781104, 0.13859120622938853, 0.08566916833040998, 0.4411739190395365], [-0.0672115412577932, 1.0, 0.2102495433235459, 0.19598453711815592, 0.4062854216637932, 0.2522328371466792, 0.3337998527089592, 0.15007323054112123, -0.37568237602618165, -0.31774377426193773], [-0.13147311238527326, 0.2102495433235459, 1.0, 0.6711604608892212, -0.03438241334382042, 0.8397559985421706, 0.853237084065039, 0.5512001014561553, 0.40252748483609635, -0.20606131268125757], [0.15429868929264684, 0.19598453711815592, 0.6711604608892212, 1.0, -0.301749418765974, 0.7012001894095997, 0.5187971388813507, 0.3041956196521927, 0.532398028864683, 0.2850971555517807], [-0.027467895768253217, 0.4062854216637932, -0.03438241334382042, -0.301749418765974, 1.0, -0.11883316729240868, 0.32720594892974736, 0.28457557930626487, -0.738483580885643, -0.22334282699569644], [-0.18882024415566806, 0.2522328371466792, 0.8397559985421706, 0.7012001894095997, -0.11883316729240868, 1.0, 0.6488821708452278, 0.41896377246866506, 0.3254151038687062, -0.3268896070250079], [0.04483242586781104, 0.3337998527089592, 0.853237084065039, 0.5187971388813507, 0.32720594892974736, 0.6488821708452278, 1.0, 0.6751624321452393, 0.18737398381086545, -0.14971780241390378], [0.13859120622938853, 0.15007323054112123, 0.5512001014561553, 0.3041956196521927, 0.28457557930626487, 0.41896377246866506, 0.6751624321452393, 1.0, -0.022364288357757542, -0.013725211282996315], [0.08566916833040998, -0.37568237602618165, 0.40252748483609635, 0.532398028864683, -0.738483580885643, 0.3254151038687062, 0.18737398381086545, -0.022364288357757542, 1.0, 0.37697912185622884], [0.4411739190395365, -0.31774377426193773, -0.20606131268125757, 0.2850971555517807, -0.22334282699569644, -0.3268896070250079, -0.14971780241390378, -0.013725211282996315, 0.37697912185622884, 1.0]], \"x\": [\"sent_scaled\", \"popularity\", \"ETH\", \"LTC\", \"XRP\", \"ETC\", \"DASH\", \"XMR\", \"BCH\", \"BTC\"], \"y\": [\"sent_scaled\", \"popularity\", \"ETH\", \"LTC\", \"XRP\", \"ETC\", \"DASH\", \"XMR\", \"BCH\", \"BTC\"], \"colorbar\": {\"title\": \"Pearson Coefficient\"}, \"zmax\": 1.0, \"zmin\": -1.0}], {\"title\": \"Cryptocurrency Correlations in 2016\"}, {\"showLink\": true, \"linkText\": \"Export to plot.ly\"})});</script>"
      ]
     },
     "metadata": {},
     "output_type": "display_data"
    }
   ],
   "source": [
    "country_hm('South Korea',1,y17,y18)"
   ]
  }
 ],
 "metadata": {
  "kernelspec": {
   "display_name": "Python 3",
   "language": "python",
   "name": "python3"
  },
  "language_info": {
   "codemirror_mode": {
    "name": "ipython",
    "version": 3
   },
   "file_extension": ".py",
   "mimetype": "text/x-python",
   "name": "python",
   "nbconvert_exporter": "python",
   "pygments_lexer": "ipython3",
   "version": "3.6.5"
  }
 },
 "nbformat": 4,
 "nbformat_minor": 2
}
